0.000 0.667 0.500 0.667 0.667 0.667 0.333 1.000 1.000 1.000
0.334 0.000 0.500 0.000 0.334 0.000 1.000 0.667 0.333 0.334
0.500 0.500 0.000 1.000 0.000 1.000 1.000 1.000 0.500 0.500
0.334 1.000 0.000 0.000 0.334 0.667 0.333 1.000 0.333 0.667
0.334 1.000 0.000 -0.000 0.000 1.000 0.334 1.000 0.667 0.334
0.667 1.000 0.500 1.000 0.667 0.000 0.667 0.667 0.334 0.667
0.667 1.000 0.500 0.333 0.000 1.000 0.000 0.667 0.667 0.667
-0.000 0.667 0.000 0.667 0.000 0.334 0.667 0.000 0.334 0.667
0.667 1.000 0.000 0.667 1.000 0.333 0.667 0.667 0.000 -0.000
0.333 1.000 0.000 0.000 0.667 0.667 0.000 1.000 -0.000 0.000

0.000 0.000 0.500 0.000 0.000 0.000 0.000 0.000 0.000 0.000
0.333 0.000 0.000 1.000 0.333 0.667 0.000 0.000 0.000 0.333
0.000 0.000 0.000 0.000 0.000 0.000 0.000 0.000 0.000 0.000
0.333 0.000 0.500 0.000 0.333 0.000 0.667 0.000 0.000 0.000
0.333 0.000 0.500 0.333 0.000 0.000 0.333 0.000 0.333 0.333
0.000 0.000 0.000 0.000 0.000 0.000 0.000 0.000 0.333 0.333
0.333 0.000 0.000 0.667 1.000 0.000 0.000 0.000 0.000 0.333
0.333 0.000 0.000 0.333 0.667 0.333 0.000 0.000 0.333 0.000
0.333 0.000 0.500 0.000 0.000 0.000 0.000 0.333 0.000 0.333
0.667 0.000 1.000 1.000 0.000 0.000 0.667 0.000 0.333 0.000

0.000 0.333 0.000 0.333 0.333 0.333 0.667 0.000 0.000 0.000
0.333 0.000 0.500 0.000 0.333 0.333 0.000 0.333 0.667 0.333
0.500 0.500 0.000 0.000 1.000 0.000 0.000 0.000 0.500 0.500
0.333 0.000 0.500 0.000 0.333 0.333 0.000 0.000 0.667 0.333
0.333 0.000 0.500 0.667 0.000 0.000 0.333 0.000 0.000 0.333
0.333 0.000 0.500 0.000 0.333 0.000 0.333 0.333 0.333 0.000
0.000 0.000 0.500 0.000 0.000 0.000 0.000 0.333 0.333 0.000
0.667 0.333 1.000 0.000 0.333 0.333 0.333 0.000 0.333 0.333
0.000 0.000 0.500 0.333 0.000 0.667 0.333 0.000 0.000 0.667
0.000 0.000 0.000 0.000 0.333 0.333 0.333 0.000 0.667 0.000
