       ARG   BOL   BRA   CHI   COL   ECU   PAR   PER   URU   VEN   
 1  [ 0.25  0.    0.17  0.12  0.03  0.32  0.03  0.    0.08  0.  ]
 2  [ 0.2   0.    0.2   0.15  0.06  0.22  0.06  0.    0.11  0.  ]
 3  [ 0.17  0.    0.19  0.16  0.09  0.16  0.08  0.    0.14  0.  ]
 4  [ 0.14  0.    0.17  0.17  0.13  0.13  0.11  0.    0.16  0.  ]
 5  [ 0.11  0.    0.13  0.15  0.17  0.09  0.15  0.    0.17  0.01]
 6  [ 0.07  0.01  0.09  0.13  0.23  0.06  0.2   0.02  0.17  0.03]
 7  [ 0.04  0.05  0.04  0.09  0.22  0.03  0.27  0.05  0.13  0.09]
 8  [ 0.01  0.22  0.01  0.02  0.06  0.    0.08  0.24  0.03  0.33]
 9  [ 0.    0.33  0.    0.    0.02  0.    0.02  0.32  0.01  0.3 ]
10  [ 0.    0.39  0.    0.    0.    0.    0.    0.37  0.    0.24]

