       ARG   BOL   BRA   CHI   COL   ECU   PAR   PER   URU   VEN   
 1  [ 0.12  0.    0.21  0.18  0.01  0.39  0.02  0.    0.06  0.  ]
 2  [ 0.16  0.    0.23  0.19  0.03  0.23  0.05  0.    0.1   0.  ]
 3  [ 0.17  0.    0.2   0.19  0.06  0.16  0.08  0.    0.13  0.  ]
 4  [ 0.17  0.    0.16  0.17  0.1   0.1   0.11  0.    0.17  0.01]
 5  [ 0.16  0.01  0.11  0.13  0.15  0.07  0.16  0.01  0.19  0.01]
 6  [ 0.12  0.03  0.06  0.08  0.22  0.03  0.22  0.03  0.17  0.03]
 7  [ 0.07  0.09  0.03  0.04  0.25  0.01  0.22  0.09  0.12  0.09]
 8  [ 0.02  0.25  0.01  0.01  0.11  0.    0.09  0.24  0.04  0.23]
 9  [ 0.01  0.31  0.    0.    0.05  0.    0.04  0.29  0.01  0.29]
10  [ 0.    0.31  0.    0.    0.01  0.    0.01  0.33  0.    0.34]
