       ARG   BOL   BRA   CHI   COL   ECU   PAR   PER   URU   VEN   
 1  [ 0.16  0.    0.25  0.2   0.    0.37  0.    0.    0.02  0.  ]
 2  [ 0.17  0.    0.3   0.22  0.01  0.25  0.01  0.    0.04  0.  ]
 3  [ 0.19  0.    0.26  0.23  0.02  0.19  0.03  0.    0.08  0.  ]
 4  [ 0.23  0.    0.14  0.2   0.07  0.13  0.07  0.    0.15  0.  ]
 5  [ 0.15  0.    0.04  0.1   0.2   0.05  0.17  0.    0.29  0.  ]
 6  [ 0.07  0.    0.01  0.04  0.32  0.01  0.3   0.    0.24  0.01]
 7  [ 0.02  0.01  0.    0.01  0.35  0.    0.36  0.02  0.16  0.06]
 8  [ 0.    0.26  0.    0.    0.03  0.    0.05  0.26  0.01  0.39]
 9  [ 0.    0.37  0.    0.    0.    0.    0.01  0.31  0.    0.3 ]
10  [ 0.    0.36  0.    0.    0.    0.    0.    0.4   0.    0.24]
